DNPs	Reference	Alternative	N_Reference	N_Alternative	N_Other	ratio_Reference	total_reads	combinations	total_single_error_b1	total_single_error_b2	total_double_error	error_rate1	error_rate2	double_error_rate
chr1:100687460|chr1:100687461	C|C	A|A	0	2735	3	0	2738	.|A-A|G	1	2	0	0.000365230094959825	0.000730460189919649	0
chr1:110955702|chr1:110955703	A|A	C|T	6031	0	21	1	6052	.|C-.|G-G|.	6	15	0	0.000991407799074686	0.00247851949768671	0
